   7.5079804e-01   8.4308112e-02   1.0000000e+00
   1.8084500e-02   8.0197758e-01  -1.0000000e+00
   8.4845607e-01   5.0932666e-01   1.0000000e+00
   9.0234661e-01   3.8979329e-01   1.0000000e+00
   6.7603901e-01   1.1871749e-01   1.0000000e+00
   4.0598257e-02   6.5524249e-01  -1.0000000e+00
   4.9541906e-01   2.6089622e-01   1.0000000e+00
   6.8658070e-01   5.2044683e-01   1.0000000e+00
   3.6870556e-02   3.4056717e-02   1.0000000e+00
   2.5057319e-01   9.6265608e-01  -1.0000000e+00
   3.1644494e-01   9.3233931e-01  -1.0000000e+00
   1.6680958e-01   5.2275342e-01  -1.0000000e+00
   4.5962605e-01   6.2744550e-01  -1.0000000e+00
   9.1784028e-01   8.4558117e-01  -1.0000000e+00
   4.9015343e-02   8.7544366e-01  -1.0000000e+00
   2.8192849e-01   5.4171984e-02   1.0000000e+00
   8.1513449e-01   7.1269465e-02   1.0000000e+00
   8.9311265e-01   1.9540508e-01   1.0000000e+00
   7.9027576e-01   5.4163885e-01   1.0000000e+00
   2.2639457e-02   5.4629313e-01  -1.0000000e+00
   7.9228378e-02   2.6187089e-01   1.0000000e+00
   9.2086970e-01   2.0937577e-01   1.0000000e+00
   5.1413984e-01   7.3620022e-01  -1.0000000e+00
   4.2466747e-02   4.0609726e-01   1.0000000e+00
   7.9062737e-01   5.1548984e-01   1.0000000e+00
   7.2811329e-01   7.1057911e-01   1.0000000e+00
   9.5399787e-02   9.9147022e-01  -1.0000000e+00
   7.8948561e-01   1.5595466e-01   1.0000000e+00
   7.0715930e-01   4.7438790e-01   1.0000000e+00
   3.8981443e-01   4.7928086e-01   1.0000000e+00
   9.0613564e-01   4.2391451e-01   1.0000000e+00
   1.2734520e-01   4.8734070e-01   1.0000000e+00
   4.6034176e-01   9.9427959e-01  -1.0000000e+00
   5.2728288e-01   8.1361254e-02   1.0000000e+00
   6.1404989e-01   1.3807131e-02   1.0000000e+00
   5.1781764e-02   9.8653866e-01  -1.0000000e+00
   2.1532921e-02   9.5018053e-01  -1.0000000e+00
   1.1148034e-01   7.8428154e-01  -1.0000000e+00
   5.5529981e-01   7.4258245e-02   1.0000000e+00
   6.0507015e-01   4.1758956e-01   1.0000000e+00
   7.8404339e-01   3.5923701e-01   1.0000000e+00
   9.5475614e-01   9.8669737e-01  -1.0000000e+00
   1.9431524e-01   9.3904520e-01  -1.0000000e+00
   4.6667697e-01   1.5435258e-02   1.0000000e+00
   9.1112109e-01   4.7326137e-01   1.0000000e+00
   4.1595856e-01   8.9816150e-01  -1.0000000e+00
   2.9801269e-01   1.4366518e-01   1.0000000e+00
   2.5735956e-01   2.4572527e-01   1.0000000e+00
   8.3190417e-01   1.3146579e-01   1.0000000e+00
   6.9453564e-01   7.0307989e-01   1.0000000e+00
   6.1784653e-03   3.3004697e-01   1.0000000e+00
   6.3715213e-01   1.0347606e-01   1.0000000e+00
   8.1501263e-01   2.2131664e-01   1.0000000e+00
   6.6131948e-01   8.5016816e-01  -1.0000000e+00
   3.3493484e-01   7.8811683e-01  -1.0000000e+00
   9.5915905e-01   1.8567090e-01   1.0000000e+00
   5.3534654e-01   3.9484497e-01   1.0000000e+00
   5.6663980e-01   2.5963091e-01   1.0000000e+00
   1.1586275e-01   5.9876806e-01  -1.0000000e+00
   5.0891584e-01   6.6781943e-01  -1.0000000e+00
   8.1497322e-01   7.6440032e-02   1.0000000e+00
   6.3227109e-01   3.9268182e-01   1.0000000e+00
   1.3009215e-01   2.3156206e-01   1.0000000e+00
   5.3324276e-01   9.4616988e-01  -1.0000000e+00
   9.5108276e-01   3.5941590e-01   1.0000000e+00
   7.7994018e-02   2.9072523e-01   1.0000000e+00
   4.3673143e-01   9.5944404e-02   1.0000000e+00
   7.8166118e-01   6.4494289e-01   1.0000000e+00
   1.6363991e-01   4.9611788e-01   1.0000000e+00
   6.9283754e-01   2.6643848e-01   1.0000000e+00
   4.3468046e-01   7.3286925e-01  -1.0000000e+00
   8.1990346e-01   9.4929949e-01  -1.0000000e+00
   5.5441146e-01   9.6571862e-01  -1.0000000e+00
   7.8814595e-01   8.2845372e-01  -1.0000000e+00
   2.6789806e-01   1.8988066e-01   1.0000000e+00
   5.2928256e-01   7.8447218e-01  -1.0000000e+00
   6.4921268e-01   4.5972453e-01   1.0000000e+00
   1.8093813e-01   1.2537093e-01   1.0000000e+00
   1.9809577e-01   3.8311522e-01   1.0000000e+00
   1.5564667e-01   6.7425031e-02   1.0000000e+00
   9.8585791e-01   9.1050567e-01  -1.0000000e+00
   2.5056484e-01   9.7540700e-01  -1.0000000e+00
   3.7262472e-01   6.9807747e-01  -1.0000000e+00
   4.7931942e-01   2.4596059e-01   1.0000000e+00
   3.0441808e-01   6.7543790e-01  -1.0000000e+00
   7.1142563e-01   8.9906308e-02   1.0000000e+00
   4.7087742e-01   9.6835885e-01  -1.0000000e+00
   6.2670192e-01   6.6477967e-01   1.0000000e+00
   2.0827921e-01   1.1318767e-01   1.0000000e+00
   3.9160829e-01   8.2766171e-02   1.0000000e+00
   1.7107345e-01   3.5855637e-02   1.0000000e+00
   5.8053351e-01   5.7197339e-01  -1.0000000e+00
   2.7676419e-01   8.3961859e-01  -1.0000000e+00
   9.2044459e-02   7.6834747e-01  -1.0000000e+00
   2.6063625e-01   9.9961962e-01  -1.0000000e+00
   8.3719860e-01   6.0510606e-01   1.0000000e+00
   7.5296088e-01   3.6723705e-01   1.0000000e+00
   3.6452817e-01   1.6910159e-02   1.0000000e+00
   5.9964360e-01   2.3544541e-01   1.0000000e+00
   3.4273249e-01   6.7927140e-01  -1.0000000e+00
   4.3647976e-01   4.2900864e-01   1.0000000e+00
   2.5822075e-01   1.6628181e-01   1.0000000e+00
   4.3207321e-01   5.4274275e-01  -1.0000000e+00
   3.5583977e-02   5.8861147e-01  -1.0000000e+00
   7.8728521e-02   8.1160666e-01  -1.0000000e+00
   3.3945642e-01   4.7221007e-01  -1.0000000e+00
   2.0843854e-01   9.1846988e-01  -1.0000000e+00
   7.4320601e-01   8.6348598e-01  -1.0000000e+00
   4.9821356e-01   5.2183707e-01   1.0000000e+00
   6.8513779e-02   5.2893740e-01  -1.0000000e+00
   3.9015913e-01   6.7958518e-01  -1.0000000e+00
   2.5884024e-01   6.8168446e-01  -1.0000000e+00
   7.5517525e-01   1.8906173e-01   1.0000000e+00
   8.7902876e-01   4.7225241e-01   1.0000000e+00
   8.6876212e-01   6.1695562e-01   1.0000000e+00
   2.1249395e-01   9.2592625e-01  -1.0000000e+00
   4.4547676e-01   1.6614918e-01   1.0000000e+00
   2.2414530e-02   8.6411560e-01  -1.0000000e+00
   7.7654990e-01   2.7426256e-01   1.0000000e+00
   4.0071337e-01   5.7397293e-01   1.0000000e+00
   6.2332912e-01   1.2480435e-01   1.0000000e+00
   9.7355239e-01   5.1763945e-01   1.0000000e+00
   3.7902118e-01   8.0843192e-02   1.0000000e+00
   6.9684218e-01   3.7026930e-01   1.0000000e+00
   4.5230924e-01   6.7409460e-01  -1.0000000e+00
   4.4348471e-01   2.6344233e-02   1.0000000e+00
   2.4375847e-01   6.5178914e-01  -1.0000000e+00
   1.6773473e-01   8.9267246e-01  -1.0000000e+00
   6.4441845e-01   4.5021898e-01   1.0000000e+00
   1.2675182e-02   8.6693652e-01  -1.0000000e+00
   1.0867148e-02   7.5048635e-01  -1.0000000e+00
   4.1351820e-01   4.4816256e-01   1.0000000e+00
   3.2347213e-01   6.0665139e-01  -1.0000000e+00
   3.4461497e-01   7.0024257e-01  -1.0000000e+00
   2.4417839e-01   2.3347052e-01   1.0000000e+00
   4.0985347e-01   4.5408251e-01   1.0000000e+00
   4.8101699e-02   4.7725093e-02   1.0000000e+00
   9.4819391e-01   6.1133114e-01   1.0000000e+00
   3.7085769e-02   1.7089947e-02   1.0000000e+00
   5.3397978e-01   6.2431975e-01   1.0000000e+00
   5.2372459e-01   1.9436359e-01   1.0000000e+00
   8.6671202e-02   5.0582308e-01  -1.0000000e+00
   2.3174006e-01   4.7979876e-01   1.0000000e+00
   3.8348633e-01   7.1054713e-01  -1.0000000e+00
   4.2471937e-01   6.9033052e-01  -1.0000000e+00
   7.7361766e-01   7.2604998e-01   1.0000000e+00
   8.5296703e-01   4.4103560e-01   1.0000000e+00
   9.4574731e-01   3.2863303e-01   1.0000000e+00
   1.1823316e-01   5.4710363e-01  -1.0000000e+00
   1.8771914e-01   8.5838308e-01  -1.0000000e+00
   1.0912282e-01   9.1437679e-01  -1.0000000e+00
   4.5446907e-01   6.2599956e-01  -1.0000000e+00
   2.0217330e-01   5.1721107e-01  -1.0000000e+00
   2.8332032e-01   5.3748117e-01   1.0000000e+00
   3.4015796e-01   1.6100307e-01   1.0000000e+00
   6.1037565e-01   1.3823161e-01   1.0000000e+00
   6.5667166e-01   5.9545577e-01  -1.0000000e+00
   9.7967467e-01   6.0695993e-01   1.0000000e+00
   4.2370925e-01   6.4430864e-01  -1.0000000e+00
   8.3536305e-01   6.3605498e-02   1.0000000e+00
   1.8947012e-01   6.3451482e-02   1.0000000e+00
   3.9123361e-01   6.0385504e-01  -1.0000000e+00
   5.6210715e-01   4.0825487e-01   1.0000000e+00
   9.5683934e-01   4.3880507e-01   1.0000000e+00
   4.4218198e-02   7.9413210e-02   1.0000000e+00
   6.4533950e-02   4.0766355e-01   1.0000000e+00
   9.0833573e-01   1.1290075e-01   1.0000000e+00
   6.9396811e-01   9.9710832e-01  -1.0000000e+00
   8.5428995e-01   7.0589114e-01   1.0000000e+00
   7.7236757e-01   4.6544430e-01   1.0000000e+00
   9.5804891e-01   1.2049169e-01   1.0000000e+00
   3.8265124e-01   7.5076781e-01  -1.0000000e+00
   4.2107132e-01   9.6525239e-01  -1.0000000e+00
   2.6080654e-01   8.6673552e-01  -1.0000000e+00
   4.9748689e-01   8.7976385e-01  -1.0000000e+00
   9.5719626e-03   1.7366007e-01   1.0000000e+00
   8.7876870e-01   2.8773141e-01   1.0000000e+00
   3.2990926e-01   8.5130313e-01  -1.0000000e+00
   1.9401004e-01   4.6256015e-01  -1.0000000e+00
   2.8209574e-01   9.9715694e-01  -1.0000000e+00
   9.5007188e-01   2.8109301e-01   1.0000000e+00
   6.4138652e-01   3.5817862e-01   1.0000000e+00
   2.7909229e-01   7.4000697e-01  -1.0000000e+00
   3.0722952e-01   5.4661976e-01   1.0000000e+00
   4.4283550e-01   5.7144747e-01   1.0000000e+00
   8.9160215e-01   7.3852592e-02   1.0000000e+00
   3.2533711e-01   8.3239322e-02   1.0000000e+00
   3.7454170e-01   1.9751568e-01   1.0000000e+00
   7.7548050e-01   8.9680766e-01  -1.0000000e+00
   6.5742862e-01   6.7351090e-01  -1.0000000e+00
   6.0106715e-03   6.0734122e-01  -1.0000000e+00
   8.7571357e-02   5.1650914e-02   1.0000000e+00
   2.4975330e-01   5.0784557e-01  -1.0000000e+00
   2.6161327e-01   3.0095662e-01   1.0000000e+00
   1.1246107e-01   2.4054220e-01   1.0000000e+00
   4.9478373e-01   7.7599530e-01  -1.0000000e+00
   4.7122826e-01   8.9251363e-01  -1.0000000e+00
   5.3611891e-01   5.3069588e-02   1.0000000e+00
   9.3425261e-01   5.5663372e-01   1.0000000e+00
   6.2091204e-02   1.5134843e-01   1.0000000e+00
